100
1 10 20
4 11 16
3 5 20
2 10 14
6 11 13
7 15 20
2 9 11
5 8 10
14 15 16
3 16 19
9 11 20
2 4 18
3 11 18
5 9 12
5 10 17
10 11 12
1 13 17
7 11 13
2 13 15
4 6 15
6 8 15
7 11 15
6 10 12
3 11 20
1 10 11
7 17 18
2 8 10
2 4 16
13 14 18
9 16 19
1 11 13
9 12 13
4 7 14
3 10 15
2 3 19
2 15 20
7 8 10
8 17 18
7 8 19
4 6 14
5 8 12
9 11 17
2 3 18
6 9 20
1 5 7
5 7 10
1 8 15
1 4 8
1 5 12
6 8 20
13 14 20
2 15 18
11 12 18
2 7 14
16 17 20
6 16 17
8 13 14
15 17 19
7 12 17
4 9 10
3 16 17
2 4 10
1 13 19
3 15 19
4 8 20
8 14 15
6 17 19
3 7 18
2 7 12
12 13 16
8 11 16
4 5 7
1 14 20
7 12 14
1 7 8
4 16 18
2 16 17
2 4 9
9 15 19
1 12 14
6 16 19
6 15 16
7 12 17
12 15 19
9 11 20
1 12 14
12 16 18
9 16 17
3 4 7
5 10 13
1 3 12
10 14 15
5 11 16
1 4 15
7 11 12
1 7 9
4 11 13
9 16 19
3 9 14
4 6 17
