100
4 12 13
9 19 20
4 6 8
2 9 12
6 12 16
9 12 16
2 3 5
13 14 15
8 11 13
7 11 16
7 10 13
8 9 14
2 6 11
3 13 16
9 13 20
6 7 11
3 11 14
1 12 13
10 18 20
11 17 19
7 8 20
4 11 12
1 5 14
4 11 20
9 13 17
2 9 15
2 13 19
14 17 18
1 5 20
10 15 19
3 13 20
2 7 8
7 10 14
11 12 17
5 11 19
3 4 5
2 16 19
3 16 17
4 5 19
4 8 19
2 7 8
2 4 12
1 9 14
9 12 16
5 16 17
3 18 19
7 15 16
2 11 20
3 12 16
9 11 18
3 6 7
7 8 16
7 17 18
4 11 17
6 9 12
1 6 15
1 8 13
9 10 18
6 14 15
2 7 20
4 6 18
1 5 16
4 16 18
1 6 13
6 19 20
5 6 20
4 14 19
2 9 14
3 18 20
1 17 19
5 15 17
2 6 20
3 5 19
5 13 20
7 8 16
1 2 11
1 6 7
1 11 17
3 6 15
3 10 13
4 7 16
2 11 18
2 3 13
6 14 18
2 6 16
1 10 16
3 10 20
11 12 20
6 8 14
2 9 12
2 14 15
2 10 18
7 8 18
5 10 20
5 7 14
5 11 19
1 5 16
3 13 19
2 7 13
11 15 16
