100
2 7 13
14 15 20
1 4 16
1 3 4
1 14 16
2 17 20
3 6 7
2 7 20
5 6 12
10 15 18
10 18 19
9 13 20
1 15 18
7 13 19
6 12 19
7 16 18
5 13 17
3 7 13
8 15 18
3 4 18
5 10 19
8 16 20
9 10 12
2 13 17
10 15 18
1 7 9
1 12 19
8 9 15
12 15 19
2 10 17
9 12 14
3 13 19
6 12 14
2 3 18
2 13 19
3 12 18
10 13 15
4 9 14
1 8 18
1 6 10
5 10 15
6 9 19
1 3 17
4 17 20
3 6 7
2 17 18
1 9 13
6 9 14
8 9 12
4 14 18
8 12 19
9 10 13
3 18 19
3 9 19
4 11 18
6 11 20
1 7 14
3 4 13
9 12 16
8 11 14
1 14 19
7 12 19
5 12 20
15 17 20
1 2 19
2 13 18
8 12 17
1 6 13
11 12 14
4 7 14
6 14 20
1 9 20
10 14 20
4 7 19
1 11 12
3 7 20
1 7 10
1 6 14
3 12 15
5 13 18
13 14 15
7 16 18
1 12 13
5 10 18
2 13 18
8 11 20
2 12 19
7 8 19
2 17 20
12 14 18
15 16 17
3 6 11
3 14 17
1 2 6
2 10 19
3 8 14
11 15 19
12 15 16
5 18 20
2 12 17
