100
1 12 17
7 13 20
8 10 17
1 12 15
5 10 14
10 11 15
9 11 19
2 9 20
1 3 10
10 11 20
4 5 11
13 18 19
3 8 15
4 14 19
11 15 19
12 13 19
11 15 17
3 7 18
1 3 18
8 13 17
4 9 13
1 8 18
6 8 9
1 16 17
8 17 20
6 17 19
2 11 13
8 10 18
4 8 15
10 14 17
15 16 17
9 14 19
2 10 20
3 11 12
3 10 15
9 14 17
12 13 19
2 6 12
5 12 15
10 11 15
1 10 11
4 8 19
14 17 20
6 7 8
8 9 20
15 18 20
10 11 17
1 4 14
5 8 16
6 11 20
11 19 20
7 15 20
6 15 20
5 9 10
11 12 13
5 7 17
7 11 17
3 17 20
13 14 18
3 5 16
9 14 15
9 16 18
2 18 19
4 6 14
1 3 11
5 11 17
9 10 14
11 12 17
8 13 18
2 13 15
11 14 15
6 9 10
10 19 20
11 12 19
3 10 20
3 6 8
4 9 16
5 15 18
2 4 14
5 15 17
2 13 17
7 8 19
2 6 9
1 11 15
2 10 14
4 9 13
4 13 15
1 7 15
1 14 16
1 2 3
2 5 6
5 7 8
5 11 12
5 7 11
1 7 8
15 17 18
5 12 14
1 8 13
3 7 20
5 7 10
