100
11 19 20
1 2 15
12 16 17
2 3 13
1 10 19
13 14 20
1 3 8
1 11 13
1 7 18
4 7 17
1 8 9
12 14 17
5 10 18
1 10 12
7 8 19
1 8 20
15 16 19
3 15 20
2 3 12
2 6 17
3 19 20
1 5 12
1 9 19
4 6 8
11 17 19
2 3 9
6 9 14
12 13 20
5 6 8
5 9 12
14 16 19
5 13 14
4 7 18
10 18 19
2 5 11
8 10 20
3 6 19
2 16 18
1 13 16
1 2 4
5 9 18
3 13 20
3 13 15
6 7 12
1 11 18
7 16 19
1 4 8
1 13 16
4 7 9
10 19 20
11 16 19
5 8 14
10 11 12
1 6 9
2 5 13
7 14 15
4 5 6
9 10 18
5 9 12
2 4 17
4 7 13
2 6 19
4 18 20
3 9 17
2 9 10
13 14 15
5 15 16
1 16 20
1 10 18
4 7 9
5 9 17
10 16 18
1 6 15
2 5 8
3 10 12
3 4 16
5 7 18
6 10 13
4 8 14
1 10 12
4 13 16
7 10 20
1 4 15
8 10 12
6 15 17
2 3 12
7 9 18
2 14 18
6 13 14
1 6 8
5 18 19
8 9 10
3 4 18
2 6 18
9 16 19
8 16 18
1 15 16
13 15 18
2 11 18
9 17 20
