100
10 12 17
10 13 15
4 7 13
7 12 16
10 12 17
5 7 15
1 7 9
6 9 17
2 6 14
2 10 20
5 9 20
6 10 12
2 11 15
6 18 19
3 4 8
1 7 9
8 9 18
1 10 19
5 6 19
5 11 12
2 16 20
2 11 20
3 4 7
3 5 13
3 15 16
2 19 20
8 11 16
2 11 20
2 17 18
4 12 14
6 11 16
11 12 17
5 12 15
8 13 15
4 8 9
4 11 14
3 5 19
2 5 20
4 5 13
3 13 18
3 13 19
1 5 16
5 10 14
2 11 12
2 8 20
7 8 15
5 13 20
2 5 8
17 18 19
2 8 11
2 5 9
4 6 10
6 8 14
4 16 18
2 10 16
4 7 12
11 12 14
4 7 8
3 12 20
6 8 9
1 14 16
4 5 8
2 11 19
4 13 17
1 14 15
4 14 17
7 11 15
4 6 17
1 11 18
12 14 19
4 5 16
5 12 15
11 13 18
12 16 18
9 13 16
2 5 15
1 6 12
3 11 18
9 10 14
2 11 15
6 10 15
1 9 19
6 8 14
3 8 12
4 6 15
1 16 20
1 8 12
7 10 19
4 12 13
9 10 15
3 5 20
7 14 18
3 7 13
2 5 14
8 12 13
1 4 10
1 15 16
7 12 20
7 16 17
3 10 18
