100
1 10 11
7 13 17
2 6 10
5 10 12
8 12 13
4 10 11
3 9 18
9 10 18
11 12 16
4 10 13
9 11 18
3 15 16
9 18 19
5 16 18
7 10 20
10 11 16
2 7 14
4 7 14
10 11 13
4 14 17
9 16 18
9 16 19
1 17 20
6 13 17
8 16 19
6 9 12
8 11 16
10 16 20
5 14 16
3 8 17
14 18 20
8 9 17
1 8 12
1 14 20
3 4 11
1 2 10
8 9 15
10 12 18
3 10 15
5 8 10
5 15 16
11 12 18
1 6 19
9 19 20
2 8 11
3 14 16
2 15 18
2 10 13
4 5 13
1 7 14
3 8 11
4 8 17
2 14 16
5 6 11
6 15 20
6 7 14
4 5 15
6 7 16
9 13 19
4 8 16
7 15 20
8 14 16
1 4 13
9 14 17
6 11 15
2 9 20
1 9 12
5 13 19
2 5 11
6 11 12
1 14 15
11 13 19
8 11 18
3 5 11
2 7 15
12 19 20
5 14 19
11 15 18
11 15 18
15 19 20
7 13 20
2 3 16
1 14 20
1 2 15
3 8 15
10 12 20
2 5 7
7 11 19
5 10 20
4 5 10
10 11 17
8 14 18
1 2 14
1 7 17
9 13 17
8 9 18
14 17 20
1 13 14
7 11 14
7 13 20
