100
1 11 15
3 12 18
4 8 9
7 13 14
6 12 14
3 11 20
12 14 20
1 9 10
6 7 13
5 13 14
2 9 10
2 11 20
5 16 19
6 9 14
13 16 18
2 10 18
3 8 20
6 7 17
1 7 19
6 10 15
6 11 19
9 13 19
9 10 12
10 15 20
4 9 14
7 10 19
1 3 6
4 15 20
5 9 14
2 10 14
1 11 16
3 7 12
4 6 9
2 10 17
3 10 19
5 12 17
3 8 13
4 9 20
10 14 15
9 10 17
10 13 15
9 11 16
6 10 14
7 15 20
3 7 20
8 13 17
11 14 17
13 16 19
5 12 14
16 18 19
10 13 19
7 8 13
6 8 13
14 16 19
4 10 13
1 19 20
2 12 14
9 10 17
4 6 9
1 6 10
1 4 19
1 2 17
10 12 17
3 15 19
5 15 16
11 13 17
4 15 19
9 17 20
1 11 16
2 17 18
3 6 12
16 18 20
4 6 19
4 5 6
9 12 15
16 19 20
1 9 18
4 17 19
8 14 17
10 14 17
2 15 16
4 6 9
7 19 20
10 19 20
7 10 19
7 13 19
1 6 20
5 18 20
7 13 16
4 7 18
3 4 15
8 18 20
3 19 20
2 3 14
10 12 13
9 11 15
9 11 17
9 10 20
8 16 20
7 11 19
