100
2 3 8
13 16 19
3 4 7
7 8 20
1 11 18
9 12 17
5 16 18
6 15 16
2 8 20
15 16 18
5 6 17
2 7 17
11 17 20
14 16 18
1 7 14
9 11 18
5 11 19
6 13 20
6 15 19
3 5 8
7 9 10
2 17 20
7 17 18
2 9 15
6 12 15
4 13 17
7 18 20
4 15 20
1 4 11
2 5 11
6 8 17
8 14 15
13 14 17
12 14 20
8 14 19
1 6 20
1 8 16
2 7 19
11 15 20
7 19 20
4 5 16
11 16 17
9 10 18
7 14 16
2 3 11
4 5 18
5 15 19
1 4 9
7 14 19
4 6 14
5 9 17
4 9 20
1 3 11
7 12 17
8 11 20
1 4 8
3 13 19
13 17 19
11 14 15
1 13 15
8 15 19
4 11 14
2 9 15
8 11 19
1 19 20
2 11 19
6 10 15
7 15 19
3 9 16
4 5 6
4 14 17
11 16 18
6 14 18
3 4 19
4 6 20
2 12 20
1 13 20
9 11 12
5 8 9
7 10 15
9 10 19
3 7 20
8 14 15
6 9 20
10 18 20
3 8 18
4 7 13
2 16 20
5 14 19
2 6 15
3 5 10
10 13 19
12 18 20
5 11 13
4 6 18
1 15 16
13 16 17
5 14 17
6 12 14
1 4 13
