100
1 8 17
1 9 16
8 12 17
9 11 13
7 8 12
7 11 13
13 14 16
11 18 19
4 6 10
6 12 17
7 11 20
4 10 11
11 16 19
14 16 18
8 15 16
13 14 16
1 3 20
13 16 19
3 15 16
11 16 19
5 6 13
1 9 18
2 8 15
4 6 14
1 2 12
2 7 9
3 4 5
2 12 18
4 14 19
10 17 19
4 5 18
4 8 11
7 14 20
9 14 17
12 17 20
1 3 17
5 11 18
8 15 19
10 17 20
3 6 12
11 15 19
2 10 14
2 15 19
10 18 19
8 17 18
2 5 18
6 10 20
5 6 19
7 12 14
2 5 17
14 16 17
5 14 20
6 11 20
8 12 17
10 11 16
8 12 20
7 12 17
4 7 10
11 15 20
2 8 19
9 10 14
6 16 17
5 10 20
5 16 17
10 12 13
4 9 15
10 13 19
2 11 16
7 11 18
3 8 18
3 7 20
1 8 20
3 6 7
9 14 17
8 9 18
10 11 20
1 7 8
8 10 14
10 12 17
1 8 10
1 3 4
3 5 6
1 4 16
6 19 20
2 9 19
5 15 18
9 13 19
6 9 19
2 9 20
3 11 16
5 16 17
1 17 19
6 10 11
13 14 15
7 10 13
10 14 20
1 2 14
6 9 20
2 8 10
14 16 19
