100
6 18 19
1 12 19
4 12 20
2 8 12
7 11 15
11 17 18
12 14 20
10 14 17
5 12 16
2 16 20
6 12 17
12 13 18
2 16 18
2 4 10
15 19 20
5 10 16
5 16 20
2 3 14
15 18 19
3 5 19
13 16 20
1 7 19
17 19 20
9 13 19
1 16 18
4 8 10
13 14 16
2 13 15
8 10 18
1 3 6
1 4 5
2 6 11
3 5 18
1 4 18
1 5 14
8 14 16
12 14 17
4 10 14
7 8 17
5 12 19
1 2 8
13 15 19
9 11 15
3 7 10
2 18 20
2 8 16
12 17 18
5 6 20
2 16 17
10 16 18
10 13 14
4 8 12
8 14 15
4 10 16
7 12 14
7 9 20
6 15 20
7 14 17
6 9 10
6 13 17
4 8 15
5 13 16
7 14 17
12 18 19
6 7 18
5 16 17
6 12 13
1 4 16
8 11 18
13 18 19
5 8 10
4 5 16
3 13 18
7 14 16
3 13 14
3 5 16
2 6 19
9 12 14
6 9 13
8 10 18
3 6 15
5 15 18
9 14 18
6 13 17
5 8 9
1 13 19
3 13 19
5 9 15
1 6 19
1 5 14
1 2 12
2 5 7
4 14 20
8 9 11
3 10 14
5 6 17
6 11 16
2 10 20
2 15 18
9 12 13
