100
6 17 20
7 10 14
5 6 17
8 14 18
3 6 16
2 4 14
7 16 20
7 16 19
3 7 12
2 16 20
7 16 18
9 13 20
2 7 18
1 13 18
1 5 18
5 7 11
4 9 16
3 6 19
2 10 19
5 6 10
11 12 18
2 3 19
6 9 17
11 17 19
2 11 16
7 15 18
1 6 12
4 12 18
2 12 20
6 14 18
8 14 18
1 12 17
1 13 17
2 5 13
7 12 18
9 12 20
3 7 17
8 10 15
4 11 18
2 5 14
4 6 13
11 15 17
2 7 18
2 10 19
4 5 16
3 6 15
5 8 17
12 16 19
1 6 20
1 2 3
4 6 9
3 18 19
5 19 20
5 8 20
16 19 20
3 10 20
3 10 16
12 15 16
11 18 19
3 4 19
5 12 17
4 12 14
7 11 18
9 12 13
1 7 15
8 13 20
11 12 18
15 16 17
7 10 12
2 7 9
11 16 17
8 10 15
4 10 17
7 8 13
3 6 8
8 11 16
2 6 20
5 8 15
8 9 17
8 16 19
3 8 10
3 6 18
2 3 13
6 9 15
2 3 18
4 5 11
1 11 16
9 10 19
5 11 17
5 9 17
2 3 6
2 4 17
2 5 9
16 17 20
7 17 19
1 4 13
13 17 19
2 6 18
4 16 19
4 8 16
