100
5 8 19
2 3 5
11 18 19
3 8 15
4 6 15
1 3 13
7 10 13
1 2 20
6 15 18
3 14 17
8 14 18
9 16 20
5 10 15
1 2 9
15 17 20
5 19 20
4 10 13
6 7 10
3 11 15
3 13 15
10 14 20
3 4 11
1 12 14
3 11 12
2 5 6
1 7 14
1 8 9
5 10 13
6 16 19
4 5 14
6 9 18
2 15 16
1 3 12
8 10 17
7 18 19
2 4 17
1 6 17
2 3 20
8 14 16
1 9 15
11 14 15
3 11 13
8 15 17
8 14 19
5 13 17
1 9 13
2 9 10
12 17 20
5 6 10
1 6 17
9 10 13
3 4 8
2 10 12
4 9 18
7 15 20
3 4 11
12 15 19
1 7 8
11 13 17
3 12 16
11 14 19
4 13 20
16 17 20
2 3 8
13 15 20
5 9 12
8 9 10
2 3 11
6 7 12
1 14 15
1 10 15
3 12 13
9 12 19
1 6 10
3 8 19
8 14 19
7 9 20
12 13 20
4 8 18
14 15 20
7 9 16
16 18 19
5 13 20
15 16 18
4 11 12
3 5 11
4 8 9
5 6 8
2 11 16
2 8 15
12 15 20
9 12 13
13 15 16
5 6 14
5 9 13
7 11 18
9 15 17
5 12 16
5 8 9
7 10 18
