100
11 12 17
3 12 19
1 13 18
5 6 8
8 11 19
2 3 16
3 9 13
5 12 19
3 10 18
13 15 16
2 14 20
8 18 20
8 11 15
15 16 18
4 5 18
12 16 18
12 13 20
6 7 9
7 11 12
5 7 8
10 12 13
8 15 19
1 3 17
1 10 14
4 14 18
5 6 10
4 14 20
1 5 6
6 13 17
8 9 12
1 5 15
2 3 10
1 7 13
1 10 19
7 8 16
10 16 20
14 17 19
3 9 18
8 9 13
6 8 16
2 4 18
1 12 15
3 17 20
2 3 6
2 10 16
4 10 18
2 10 18
1 8 15
4 13 16
9 10 17
11 16 20
6 10 13
2 5 7
4 9 18
1 11 19
7 17 18
1 10 11
2 4 6
4 13 18
10 16 19
3 13 20
3 13 15
5 16 17
8 12 16
10 11 16
4 10 14
4 12 13
1 2 17
6 16 17
9 16 19
5 6 11
12 19 20
2 7 10
3 8 11
15 18 20
8 11 12
8 14 16
1 6 10
8 14 19
9 15 19
4 16 18
8 15 19
9 13 14
5 6 15
5 7 9
3 5 19
3 6 15
9 11 17
5 19 20
2 7 13
4 12 17
3 17 18
4 19 20
9 18 20
6 10 15
13 17 18
6 11 20
5 10 18
1 9 11
1 16 17
