100
8 19 20
3 8 13
1 9 12
6 9 15
8 18 19
1 9 14
6 11 16
3 4 7
10 14 19
1 3 12
8 12 15
4 11 18
6 10 20
12 15 19
2 5 17
1 7 11
5 9 12
3 6 19
9 12 19
10 15 18
5 11 12
3 9 16
7 9 16
1 13 15
2 19 20
1 5 13
4 13 19
6 7 15
6 12 17
11 15 17
8 10 20
2 9 12
7 9 18
3 7 13
6 12 13
6 8 14
8 14 20
15 16 18
2 8 16
5 8 16
8 14 17
6 11 20
2 8 16
5 15 17
11 14 16
12 13 19
2 11 16
8 11 19
3 13 15
11 13 16
1 11 16
6 17 19
3 5 13
4 14 19
1 18 20
2 4 11
8 9 10
1 2 15
4 12 13
5 15 17
1 7 15
3 6 15
1 7 11
4 7 12
9 14 16
3 6 15
14 15 19
8 14 15
1 11 12
8 15 16
1 2 18
9 14 16
5 12 19
7 10 15
7 8 15
5 8 17
5 10 14
2 13 19
5 6 10
17 18 19
10 11 17
10 13 19
2 18 20
7 10 15
3 12 16
7 9 12
4 5 7
10 13 20
11 12 18
7 11 20
9 14 19
5 14 16
7 14 20
4 5 9
4 7 10
2 4 14
9 13 17
4 14 18
12 15 19
1 3 18
