100
15 16 20
4 13 15
12 18 19
1 11 18
6 13 15
5 15 17
4 17 18
4 11 20
6 19 20
3 7 19
12 16 17
1 15 16
1 5 15
5 7 17
10 11 20
3 14 17
12 16 19
8 15 17
2 3 16
3 18 20
4 6 12
2 13 16
9 11 13
9 12 19
8 18 20
7 15 19
8 9 19
14 16 19
2 8 17
4 6 11
8 16 19
1 5 20
8 10 13
1 2 14
9 13 14
3 15 17
5 8 11
16 17 19
1 3 10
3 14 16
6 8 9
7 11 15
2 11 14
16 18 19
14 16 20
2 17 20
3 8 19
2 19 20
4 9 20
1 11 17
3 8 11
6 8 16
12 13 15
2 8 12
7 8 19
3 13 18
1 7 17
7 9 17
4 7 9
9 17 19
4 14 18
12 15 18
5 12 18
4 12 14
9 15 20
4 15 18
1 8 17
7 10 15
3 8 10
5 11 16
5 6 17
5 15 16
1 18 20
8 9 19
8 12 15
16 17 20
2 8 9
6 8 9
2 7 8
1 16 20
1 11 17
3 11 17
2 3 11
1 6 17
12 13 19
1 10 20
8 11 14
2 14 19
2 4 15
9 16 20
13 14 18
13 14 17
4 17 20
1 15 18
9 10 12
5 7 11
12 15 17
1 7 11
3 14 16
2 13 20
