100
6 7 11
1 9 16
6 8 15
8 12 18
12 16 18
9 12 17
2 8 13
1 5 16
4 6 14
13 17 19
2 7 10
5 6 7
1 13 20
3 7 10
1 7 15
13 15 19
5 11 16
4 15 18
1 5 20
12 15 19
7 11 12
3 7 15
1 4 10
2 3 8
8 15 19
2 6 17
13 18 20
8 11 18
3 15 17
12 13 15
3 15 19
5 11 12
2 7 14
7 13 16
6 10 15
9 12 18
4 5 19
1 4 18
5 8 13
4 5 17
8 11 14
7 9 12
4 9 18
12 15 18
1 4 19
13 14 15
2 8 15
14 19 20
7 12 17
2 10 17
5 6 10
4 15 20
2 4 10
12 14 20
16 18 19
8 10 17
9 14 18
2 10 19
1 11 20
6 8 16
10 13 15
11 13 18
4 5 6
4 7 9
5 15 17
8 9 15
7 10 20
8 11 17
1 7 14
1 11 19
6 9 15
7 10 13
4 7 20
8 9 19
5 7 17
7 13 15
5 10 17
1 5 19
8 14 19
7 12 13
1 11 17
10 15 18
2 13 14
8 10 11
3 7 18
2 5 8
10 14 16
1 3 14
5 9 14
3 7 10
1 6 16
14 15 20
2 5 8
3 4 18
10 11 13
4 8 16
3 9 19
2 10 11
5 12 17
3 10 18
