100
5 6 20
6 17 18
2 6 19
15 16 20
11 14 15
4 7 9
8 11 20
11 12 16
11 12 13
2 13 18
9 15 18
1 4 11
8 11 16
3 19 20
4 10 17
2 11 14
4 14 18
12 18 20
1 16 19
1 11 14
14 15 17
3 4 9
13 15 16
5 8 11
8 17 20
4 8 14
5 8 11
6 15 20
7 9 12
9 10 13
1 5 12
3 19 20
1 3 6
7 9 20
7 11 13
2 17 20
8 13 15
2 18 19
1 18 20
8 14 20
1 4 20
5 9 20
3 6 11
10 13 14
1 6 14
4 5 15
12 13 18
1 5 11
15 16 18
12 13 20
10 16 17
10 11 18
2 5 20
1 2 6
7 14 19
6 13 18
1 12 13
4 16 20
10 12 15
10 15 18
11 12 18
1 16 17
10 11 16
1 10 16
3 17 18
16 17 18
1 10 20
6 7 10
5 18 19
5 6 7
9 11 18
2 8 17
4 14 18
8 9 20
4 17 20
8 11 15
2 11 17
5 9 12
11 17 19
2 8 19
3 18 19
7 13 18
7 18 20
5 8 9
1 15 20
10 11 13
5 10 13
1 4 16
1 9 15
1 2 12
5 10 17
5 7 18
1 11 16
5 14 20
9 12 18
3 4 12
7 11 16
10 15 17
7 10 13
5 18 19
