100
1 5 16
14 15 18
3 9 18
13 16 18
2 11 20
8 11 19
2 3 9
11 12 19
3 7 16
6 11 15
13 14 18
8 9 11
5 6 15
11 13 17
1 3 4
2 6 16
11 12 20
8 12 19
4 13 19
1 7 14
3 7 8
6 9 19
11 12 16
8 10 11
15 16 17
2 3 11
2 6 7
11 14 20
9 12 19
1 7 12
1 4 5
1 10 11
8 15 17
3 8 16
4 8 15
3 4 16
1 3 13
3 5 10
10 13 18
2 14 15
2 7 15
13 19 20
2 8 20
5 15 17
13 14 19
12 17 20
3 10 14
1 11 17
2 15 20
2 6 13
6 7 11
2 4 9
11 14 17
6 9 11
2 3 17
2 6 8
5 10 17
2 7 13
1 6 12
1 15 19
1 3 8
3 16 19
3 19 20
14 17 20
4 16 20
11 12 20
11 13 17
3 17 18
7 14 18
3 6 17
9 19 20
16 17 20
6 8 18
1 6 7
5 6 18
8 9 12
12 13 19
5 6 8
1 2 13
11 17 19
8 10 18
7 17 19
5 12 19
3 10 13
4 11 19
3 11 17
13 16 19
5 6 18
10 17 18
16 17 18
1 11 20
9 11 19
6 11 17
1 13 20
12 13 15
5 8 15
2 7 17
1 3 15
6 9 19
8 19 20
