100
17 19 20
3 4 10
13 14 19
11 17 18
9 14 20
13 14 17
14 17 19
3 13 17
5 9 17
4 5 7
3 9 13
7 15 18
6 7 18
1 12 18
5 6 16
13 14 16
2 16 19
6 16 19
3 6 9
7 15 17
4 10 14
4 16 19
9 11 19
1 15 17
1 2 15
6 9 17
1 4 8
4 8 16
6 9 18
1 9 12
5 7 9
5 16 19
5 9 12
5 15 19
1 3 8
1 4 14
2 12 18
3 11 14
9 13 20
4 8 16
1 3 18
3 4 18
1 6 13
2 4 13
9 12 20
6 7 11
1 4 8
3 9 13
14 15 18
9 18 19
12 18 19
7 13 15
1 11 14
10 13 14
10 14 18
1 8 11
1 6 16
6 10 18
7 8 13
4 12 20
2 7 17
5 11 20
2 4 18
6 13 14
3 6 10
1 10 20
4 9 12
2 7 13
2 13 17
9 16 18
6 12 18
4 6 12
1 4 16
13 14 15
4 15 18
9 11 14
14 16 19
3 11 20
8 10 14
1 8 19
8 9 20
6 7 14
5 8 11
6 16 20
10 13 20
6 8 11
8 15 19
10 12 13
9 11 17
5 14 15
1 15 16
11 12 19
7 12 17
2 11 20
1 7 16
3 4 7
3 18 19
2 9 13
3 14 17
6 7 14
