100
3 8 20
2 11 13
9 13 14
2 5 12
2 4 6
4 6 17
1 5 17
7 9 19
1 5 19
2 10 20
3 6 7
6 8 9
9 11 15
9 15 19
8 9 19
2 4 9
10 14 20
3 4 11
5 8 10
2 9 10
1 11 13
1 10 17
5 9 20
1 3 17
1 10 18
4 11 13
1 11 14
4 5 20
2 6 19
11 13 14
4 15 16
10 14 20
8 15 17
3 11 14
4 8 18
14 16 17
3 16 19
3 7 18
7 13 14
3 6 17
11 13 15
4 7 18
1 10 19
4 9 14
6 7 12
1 11 20
1 5 10
2 9 18
11 16 19
5 6 19
7 14 17
5 7 12
7 8 20
1 2 4
3 14 17
6 8 14
7 9 20
1 4 19
3 9 18
1 5 12
2 7 16
4 6 13
5 11 15
9 13 18
12 13 14
5 11 16
6 14 20
3 5 15
3 6 19
4 7 16
12 15 16
2 10 20
8 11 12
5 11 16
5 13 19
3 7 17
1 12 15
2 9 16
11 12 16
3 9 17
4 17 18
1 3 9
3 11 14
9 11 17
1 5 6
1 11 15
5 8 19
8 9 19
5 8 15
6 14 17
11 16 19
5 7 17
8 10 12
2 6 10
5 10 16
5 8 16
12 13 16
3 5 17
2 3 6
1 4 10
