100
4 5 7
2 15 17
6 15 18
4 11 19
5 6 17
4 5 19
13 17 19
9 13 16
5 15 16
8 9 12
6 15 16
3 4 6
8 10 20
6 8 16
5 11 18
5 8 13
6 11 17
5 6 7
6 10 12
16 19 20
2 5 10
4 9 12
1 13 17
4 14 16
11 12 13
4 6 20
2 6 7
1 5 15
8 11 16
5 17 18
4 5 6
6 17 19
6 9 13
6 8 14
2 6 8
4 10 15
8 11 18
3 4 7
1 3 10
4 7 15
18 19 20
5 6 12
7 13 20
10 15 16
8 13 20
10 12 16
5 15 17
5 13 15
6 7 11
7 8 13
3 11 12
4 6 15
8 9 11
2 5 15
7 19 20
2 4 6
4 16 18
2 12 15
3 9 20
4 15 18
7 10 11
9 13 17
4 8 11
5 6 11
9 16 20
13 18 20
1 9 18
16 18 20
3 9 18
5 7 8
1 6 15
2 16 18
12 15 16
4 11 16
1 4 19
11 13 15
2 11 19
4 8 15
13 15 16
3 6 11
10 13 17
3 14 17
12 16 20
3 5 17
3 4 16
4 13 19
14 16 18
1 7 18
2 3 15
2 5 18
7 10 14
7 9 18
2 5 7
10 16 20
2 5 16
4 12 17
1 14 17
2 12 15
2 12 13
3 7 19
