100
2 9 16
7 9 11
2 5 12
5 8 20
7 8 10
2 14 18
10 13 15
9 13 16
9 16 19
11 14 16
5 11 13
2 3 18
13 15 18
3 8 10
3 7 15
3 10 12
6 7 11
4 5 8
14 16 19
1 4 8
2 10 18
13 15 17
8 9 13
7 11 19
11 13 14
11 12 18
1 9 17
2 4 14
2 13 14
6 14 20
3 10 13
4 15 19
2 3 7
2 11 16
3 13 20
3 9 10
2 6 14
6 10 20
1 4 20
10 13 20
2 13 18
7 9 18
12 17 20
4 11 20
3 4 10
3 11 20
3 4 11
6 10 13
8 12 15
2 6 20
5 8 9
8 10 19
2 11 12
3 17 20
10 18 19
1 14 15
14 18 20
9 15 18
6 8 19
5 18 19
4 13 15
5 7 10
7 10 17
5 6 15
1 15 18
1 11 17
7 16 19
2 11 12
2 13 20
1 4 7
6 7 15
5 8 9
2 11 12
8 16 19
8 15 18
5 10 17
1 8 15
3 8 9
4 8 15
11 14 19
12 13 14
3 13 14
5 9 13
2 5 12
6 12 20
7 9 12
10 14 16
3 4 13
9 12 15
2 11 15
1 2 11
7 12 16
3 5 13
11 12 19
11 17 20
8 10 14
3 9 16
8 14 20
1 6 16
12 19 20
