100
3 4 9
11 13 15
7 15 20
1 4 18
3 6 16
7 8 19
6 13 20
3 4 19
10 11 18
10 14 15
3 7 10
3 12 16
7 9 18
6 14 16
1 14 19
7 17 19
4 7 14
15 16 20
1 6 12
1 4 14
3 6 19
5 10 17
2 15 16
8 10 20
7 9 14
8 13 18
3 14 18
9 13 20
11 13 15
5 8 19
4 6 20
6 8 15
4 8 14
13 14 15
3 4 20
9 11 15
4 7 17
6 7 15
4 15 18
10 16 20
5 11 16
1 2 17
2 4 7
6 12 13
5 18 19
4 16 19
1 7 11
8 13 19
6 9 16
1 4 10
9 12 16
16 17 20
5 6 20
2 6 18
12 17 20
1 12 20
4 6 16
9 13 17
1 8 13
2 11 15
8 9 20
8 12 15
3 16 19
6 13 20
1 7 9
8 12 18
4 18 20
9 10 17
7 8 13
2 6 20
11 14 16
8 16 17
2 12 19
10 15 17
4 9 17
6 8 13
2 12 13
15 16 20
1 9 12
3 14 18
11 12 13
7 13 15
3 7 9
4 11 14
1 5 7
1 2 14
2 10 19
5 14 18
13 16 20
8 15 16
16 17 20
3 5 11
1 6 13
5 7 20
1 11 12
3 4 17
10 18 20
1 15 20
1 17 18
4 14 18
