100
2 19 20
4 10 14
7 17 19
5 17 18
11 12 15
13 19 20
4 13 19
6 10 19
2 12 19
3 9 11
2 3 19
15 19 20
6 9 11
1 8 15
9 12 13
3 6 20
2 4 13
10 19 20
5 6 16
11 12 14
7 9 16
7 10 11
8 9 17
2 11 20
7 9 19
1 11 15
5 10 19
6 14 19
1 10 12
1 3 17
4 5 20
9 14 19
7 8 13
1 2 12
1 8 18
7 15 16
8 10 17
5 17 19
7 10 14
2 12 15
4 6 14
11 12 18
4 15 18
11 13 17
2 8 12
4 18 19
6 15 16
10 13 19
7 18 19
10 17 20
3 5 11
10 15 19
7 9 10
1 5 10
6 8 9
1 3 12
7 14 16
2 3 16
15 16 19
3 8 19
2 8 18
5 8 20
17 18 20
2 5 19
2 4 6
7 11 20
9 11 13
11 12 13
1 12 18
3 7 14
3 14 17
4 7 9
10 13 14
4 6 11
7 17 20
5 12 18
7 13 17
10 14 20
1 12 13
8 11 12
5 6 8
4 13 16
4 11 20
16 18 19
11 13 19
11 14 16
12 18 20
6 7 10
13 15 16
3 4 12
9 16 19
4 5 9
7 9 14
7 12 17
2 11 16
1 3 13
9 13 18
1 7 12
12 14 20
6 7 12
