100
1 19 20
3 7 11
7 9 18
3 9 10
10 11 17
6 7 18
1 12 19
6 13 15
1 5 13
4 13 19
8 15 18
6 16 17
8 14 19
4 10 16
1 18 20
6 7 11
6 13 20
1 9 18
1 4 15
13 16 18
2 16 20
3 14 20
11 14 17
3 9 18
7 10 14
2 3 5
2 14 19
1 18 20
5 17 20
10 17 18
5 13 14
9 16 19
8 13 15
6 9 19
3 4 12
5 7 10
11 13 20
4 18 20
6 13 17
3 12 17
3 7 12
1 7 20
2 19 20
2 3 19
10 13 19
6 10 18
1 10 19
3 5 18
1 12 19
4 5 11
2 17 19
2 6 19
1 4 19
12 13 17
6 16 17
8 13 15
7 9 20
2 7 18
6 10 15
8 14 18
1 13 20
1 12 17
3 9 19
1 2 9
1 6 16
4 11 18
2 14 15
3 8 10
1 14 20
9 12 15
4 9 11
9 13 15
2 6 10
7 15 20
1 2 10
3 7 9
3 10 14
2 7 16
4 6 10
1 5 7
1 9 17
6 11 17
2 4 9
12 13 18
1 10 20
8 11 13
3 5 12
2 5 13
8 12 16
8 12 14
1 18 20
7 16 17
2 8 17
4 11 20
4 17 19
14 19 20
15 18 20
1 3 5
6 7 13
15 17 19
