100
4 7 14
2 15 17
5 6 17
14 18 19
4 10 14
8 15 16
3 13 15
14 18 20
11 14 20
4 10 17
3 18 20
9 11 12
1 13 19
7 12 16
3 6 7
7 15 17
4 5 17
7 10 11
6 10 18
9 12 13
5 17 19
6 10 19
14 16 17
6 10 16
2 4 12
13 18 19
3 5 15
5 12 13
2 7 17
4 6 8
1 12 20
8 14 16
2 16 17
8 14 18
6 8 20
10 15 19
11 16 20
3 5 14
5 8 17
1 7 16
1 10 11
3 17 19
3 14 15
2 14 15
5 8 11
4 5 18
7 10 14
4 10 14
2 4 19
3 6 16
14 15 18
4 9 17
7 15 19
4 13 14
4 18 20
13 14 19
1 5 10
1 8 12
8 10 16
9 11 17
14 16 17
6 10 16
11 15 16
3 4 6
6 17 20
1 17 18
5 15 20
3 7 17
12 13 20
8 9 11
1 5 14
1 13 19
16 18 20
1 17 19
2 10 20
4 5 16
6 11 17
7 10 19
1 11 15
8 11 18
6 13 14
5 13 16
10 11 18
8 12 20
3 5 18
7 9 12
4 5 16
7 19 20
2 4 16
1 11 20
1 10 15
2 12 15
3 13 15
17 18 19
9 11 14
7 8 9
1 8 18
4 8 19
10 11 14
15 18 20
