100
2 13 19
4 13 17
2 3 4
9 14 18
1 7 16
4 5 16
5 14 20
16 18 19
9 12 16
1 6 18
3 7 13
2 7 16
3 7 12
5 6 9
5 11 16
2 9 14
1 6 14
3 18 20
3 9 19
3 15 20
2 3 16
5 15 16
1 6 7
5 12 14
5 8 11
13 16 18
3 8 10
10 14 17
5 12 17
18 19 20
10 14 18
6 9 14
2 4 16
1 3 7
6 15 16
8 11 19
4 6 13
5 10 20
6 9 16
4 15 18
4 6 13
11 15 16
4 5 9
2 6 19
2 4 10
12 13 15
4 10 12
9 13 17
2 3 9
10 15 18
7 15 18
5 8 13
11 13 19
9 14 20
1 7 18
6 10 14
9 12 19
2 4 9
6 9 17
2 3 8
5 11 15
2 11 12
1 4 15
11 19 20
3 16 18
11 18 19
8 10 14
1 8 18
1 5 6
14 18 19
14 17 18
1 5 15
4 6 20
8 9 14
2 3 18
9 13 19
2 11 17
5 10 13
4 7 14
1 3 5
13 14 17
2 6 19
7 9 20
9 11 12
2 9 15
1 6 9
5 17 20
8 9 11
4 7 11
5 12 20
9 10 19
10 13 19
7 8 17
3 4 15
2 14 16
6 8 14
2 6 17
8 17 18
7 9 11
2 17 18
