100
8 11 16
9 13 19
4 15 20
14 18 20
3 16 18
10 17 19
5 10 11
4 5 17
4 13 19
4 13 17
11 12 19
9 12 15
2 10 12
11 15 19
1 11 17
10 16 19
8 15 18
8 11 16
2 10 14
1 12 15
4 12 17
9 14 16
2 13 20
9 10 18
3 10 11
3 16 19
7 12 16
4 13 14
1 4 17
1 6 17
7 10 18
6 16 17
4 13 18
8 10 19
3 15 20
1 9 20
4 5 6
3 9 10
9 11 12
2 10 20
13 16 19
7 14 15
5 11 20
9 17 19
1 15 16
5 10 17
2 10 19
9 10 13
10 15 20
6 14 16
6 14 16
10 11 19
5 8 19
2 16 19
4 10 12
8 10 12
3 6 11
3 9 13
1 4 19
5 6 10
3 16 17
4 17 20
6 7 18
1 13 14
8 13 15
2 15 17
8 9 10
2 5 10
2 3 7
7 11 13
7 16 18
7 9 10
9 16 18
11 14 15
10 16 19
4 5 11
5 14 19
7 11 12
2 14 16
4 13 17
1 9 10
1 4 15
3 5 16
9 17 20
2 6 7
2 17 19
8 10 15
6 8 9
2 7 20
1 12 15
5 6 12
1 14 17
2 3 9
1 10 17
4 13 20
3 4 5
1 6 10
5 6 19
4 9 14
1 6 7
