100
10 11 12
3 8 14
8 10 17
11 12 16
2 14 19
1 4 6
3 10 14
10 12 13
3 12 19
10 11 13
1 10 19
2 6 13
2 6 9
4 15 17
5 7 18
12 15 19
2 13 14
8 10 11
1 9 15
2 15 19
14 15 19
5 9 19
5 14 19
2 9 10
4 6 15
3 5 15
11 12 19
11 17 18
10 15 20
2 13 19
1 4 16
1 8 12
10 16 20
5 10 16
1 14 19
4 5 15
10 11 16
9 11 12
6 8 9
3 7 14
12 16 18
1 5 7
3 6 9
6 8 17
5 11 17
14 15 17
14 17 20
5 9 18
9 18 19
17 19 20
11 16 17
3 13 18
6 9 13
3 9 15
16 18 19
1 12 16
2 6 14
1 11 19
1 13 16
4 6 15
10 16 20
6 15 20
10 12 17
5 11 19
5 6 14
9 13 19
7 13 17
4 12 16
2 3 17
2 14 15
6 8 15
3 17 19
3 4 16
8 13 15
8 9 19
3 7 20
6 9 18
2 8 17
9 12 19
6 8 12
8 13 19
3 10 14
2 6 15
6 10 16
5 8 20
6 9 16
2 14 15
2 5 7
1 6 7
8 11 20
3 13 19
3 4 11
3 10 17
6 7 10
7 10 15
8 11 20
2 13 15
7 11 14
8 18 19
5 10 17
