100
2 11 15
2 14 17
1 7 15
5 13 19
4 16 20
8 16 19
2 5 12
5 18 20
10 17 18
11 12 16
2 9 11
5 6 20
3 14 17
7 12 20
9 10 14
7 16 17
7 13 16
8 9 16
5 6 16
4 5 17
3 5 10
1 8 18
6 8 16
16 19 20
6 7 13
5 16 17
3 16 19
4 9 13
3 13 16
3 11 17
5 7 12
5 8 11
2 4 6
2 18 19
1 3 11
7 14 20
5 10 12
11 17 18
13 17 19
3 8 19
3 7 11
3 17 18
1 5 18
4 5 8
3 14 15
1 15 18
2 16 19
4 9 17
1 9 10
2 9 16
3 6 9
12 16 19
3 6 19
4 13 15
8 14 17
8 14 18
11 15 18
4 10 17
4 17 19
5 8 13
4 5 8
3 6 8
3 15 20
2 14 18
2 8 20
4 9 15
8 13 17
3 8 13
6 9 19
8 15 17
5 13 20
8 10 15
3 10 18
6 11 12
8 14 19
6 13 20
1 5 16
1 9 18
9 13 19
6 11 12
1 2 3
6 18 19
5 10 13
3 7 16
6 7 19
5 7 20
9 14 16
5 11 18
12 14 18
3 7 12
10 11 14
2 5 9
7 9 18
11 15 20
10 15 19
11 14 20
7 8 20
5 12 19
7 8 20
1 3 18
