100
6 10 11
1 9 11
9 12 20
4 13 15
5 8 18
2 6 10
3 5 9
7 17 19
6 12 16
1 5 19
4 13 19
11 16 18
2 14 16
5 11 16
8 11 17
7 12 19
2 16 18
3 12 17
1 8 18
4 11 12
2 13 14
1 3 17
2 3 5
1 16 20
8 13 20
12 15 17
3 8 13
3 9 17
4 9 13
2 7 20
2 18 20
2 5 12
3 5 19
3 8 19
9 14 17
4 12 19
4 6 14
1 6 9
1 5 18
6 15 20
16 18 19
4 13 15
2 3 14
3 17 18
3 6 11
1 6 11
11 15 19
9 14 18
4 5 15
4 8 20
2 11 16
3 13 15
1 5 14
14 15 19
1 6 20
9 18 19
3 6 17
2 3 12
9 10 19
4 6 15
1 7 16
9 11 18
2 7 16
7 16 18
6 7 16
4 12 19
2 4 5
4 8 20
5 16 17
11 14 18
11 17 19
6 9 15
5 12 13
16 18 19
5 15 18
8 10 17
5 13 16
5 10 17
1 7 13
4 11 13
8 14 18
12 13 19
1 6 7
1 3 14
9 12 20
5 19 20
5 12 15
13 17 20
3 6 13
4 7 10
8 18 19
3 10 18
10 11 18
9 15 20
1 4 19
4 7 19
3 13 19
7 10 16
4 10 20
5 7 20
