100
5 7 20
9 14 17
1 7 12
7 8 9
6 7 15
2 8 16
1 7 19
6 7 20
6 7 9
5 8 17
4 6 20
1 12 15
5 10 18
7 12 19
3 4 8
1 8 16
1 14 20
3 16 20
3 7 13
7 10 12
10 11 12
13 15 19
4 18 20
1 2 9
4 11 19
6 9 20
5 8 19
1 7 19
5 12 20
8 9 15
6 15 18
9 12 13
15 16 17
1 7 15
10 16 18
12 15 20
6 14 17
5 11 20
1 2 6
6 19 20
9 13 17
2 4 5
11 15 19
4 12 19
2 5 9
1 3 7
7 8 10
10 12 20
7 10 11
9 16 19
4 14 16
3 14 18
4 10 13
2 9 20
6 15 20
10 13 20
6 7 18
2 8 19
1 12 18
2 16 18
7 11 14
5 6 19
8 17 18
2 7 18
5 12 13
4 6 8
5 11 15
3 5 8
8 11 20
8 16 17
11 16 20
7 17 20
12 13 20
6 15 19
2 3 16
6 9 17
4 14 15
5 6 8
1 12 15
15 18 20
8 11 16
9 18 20
11 15 18
2 6 15
1 2 3
3 6 8
2 6 18
1 2 15
5 12 15
12 14 18
10 16 17
1 5 16
4 9 13
3 13 18
4 16 20
2 6 16
10 13 17
13 16 19
4 8 11
11 16 18
