100
1 12 13
7 13 18
3 7 12
1 3 7
3 15 20
8 17 18
6 11 15
4 18 20
4 16 17
2 12 18
4 15 20
3 7 15
2 8 14
1 8 16
8 9 11
14 15 19
1 3 14
9 10 19
2 8 12
7 15 19
8 10 11
3 8 20
7 17 19
3 5 9
4 16 18
2 3 20
2 11 17
1 2 15
2 16 19
8 15 16
9 15 17
3 17 19
13 16 20
13 14 19
1 5 11
7 13 17
2 3 11
6 18 20
8 15 20
12 16 20
4 12 13
1 2 14
12 18 20
7 12 15
14 18 19
8 11 20
13 15 20
3 9 18
14 15 18
5 15 17
1 9 10
2 3 12
3 6 14
4 5 6
5 6 8
1 4 15
7 8 20
3 6 11
3 11 14
7 17 20
9 12 19
2 3 10
5 11 14
6 7 16
9 14 15
5 10 11
6 11 17
9 14 17
1 6 13
3 10 17
9 11 18
3 4 15
3 14 15
9 11 19
5 6 11
7 13 17
5 7 17
7 9 10
3 13 19
3 11 17
5 10 20
11 12 15
4 8 16
6 9 10
7 15 18
2 8 9
9 12 16
1 2 4
2 3 11
2 11 18
8 12 15
7 9 10
6 10 16
6 14 17
11 15 19
5 10 19
3 8 15
11 19 20
3 10 18
7 8 15
