100
2 11 14
1 3 14
5 10 18
1 15 17
7 12 15
3 4 6
8 11 15
3 17 19
4 12 13
1 4 16
2 9 17
3 17 20
2 10 19
14 15 18
1 4 6
7 8 13
15 16 17
1 17 19
16 17 18
3 8 10
4 5 12
7 11 15
1 11 17
8 19 20
9 12 20
8 13 19
1 2 4
7 12 16
2 3 20
8 9 17
5 6 14
2 9 13
3 6 18
12 16 20
11 12 16
1 13 19
8 13 14
2 3 9
3 12 18
9 10 13
8 11 16
1 2 5
11 16 18
4 5 6
17 18 19
3 16 18
14 17 18
3 6 17
2 16 19
7 8 9
2 5 6
11 14 18
2 3 6
10 11 20
3 5 8
4 13 19
11 13 14
1 5 19
7 19 20
9 10 11
10 17 19
7 12 16
2 14 19
4 9 14
4 6 18
10 11 17
3 10 16
3 11 20
3 9 14
3 7 19
11 16 19
5 14 16
10 14 18
3 12 18
7 16 18
10 14 17
5 9 10
5 6 9
4 8 9
4 10 14
4 5 7
1 9 20
9 10 13
4 12 18
3 5 18
2 6 11
5 10 17
8 11 20
4 14 18
3 12 15
3 18 19
2 13 14
6 11 13
5 6 14
8 12 19
16 18 20
2 3 20
6 12 16
6 11 13
8 10 18
