100
1 16 20
6 11 18
6 10 12
9 11 20
5 8 14
13 16 17
6 8 16
2 3 7
6 7 12
3 11 18
10 11 14
1 7 12
4 8 10
16 17 19
2 3 19
2 12 17
3 18 20
5 8 18
8 12 18
1 15 20
2 3 15
9 14 15
7 18 20
2 9 13
1 3 8
3 9 14
8 18 19
8 10 11
8 9 13
5 8 15
5 10 11
4 13 14
3 16 20
2 4 9
2 14 20
6 18 20
1 11 20
8 10 13
2 5 18
1 9 13
1 6 12
2 7 17
3 6 13
6 10 15
5 6 12
1 5 13
7 14 16
8 17 20
10 14 15
16 17 18
2 6 12
2 4 17
9 16 20
1 5 17
5 8 10
1 12 13
1 5 9
7 10 11
7 9 17
7 13 19
3 6 8
5 19 20
8 11 12
5 7 17
11 15 20
3 6 17
9 13 16
5 9 19
7 8 10
4 8 12
2 14 15
3 14 15
1 5 11
11 15 16
2 6 10
2 13 15
6 13 18
13 14 20
1 16 18
13 15 19
10 14 18
1 6 20
5 9 15
7 13 19
8 11 14
3 10 16
8 17 18
2 11 19
7 8 14
1 7 13
3 10 19
6 8 17
9 12 14
6 16 17
4 8 14
10 15 19
4 7 14
7 16 20
2 14 15
3 10 12
