100
2 6 16
3 10 17
6 17 20
6 9 13
3 16 19
5 11 12
2 5 16
2 14 20
4 6 11
2 3 18
3 6 13
7 15 16
7 9 16
1 2 7
8 9 20
11 12 17
4 9 14
5 7 19
4 13 19
4 8 13
2 3 8
5 9 19
8 10 20
6 16 19
1 10 16
5 9 18
2 6 15
3 16 20
5 7 15
7 11 15
7 12 17
8 13 16
10 16 19
2 14 15
3 5 19
12 15 16
4 15 17
1 13 16
1 12 16
4 8 15
5 9 12
2 9 20
6 7 9
1 6 8
11 13 19
9 12 14
4 18 19
14 15 20
7 15 17
2 3 14
4 15 19
1 8 13
1 9 12
6 7 12
6 7 18
1 4 20
6 10 19
8 11 15
2 4 18
3 4 17
3 5 14
11 15 17
1 3 16
5 6 13
7 10 20
15 17 18
10 13 17
1 9 18
2 5 9
2 5 19
7 17 19
1 11 14
9 15 19
8 14 20
2 7 13
6 18 20
7 11 15
5 12 17
4 9 16
1 3 15
3 13 17
7 11 14
12 19 20
1 7 11
5 9 16
1 15 20
12 15 18
4 7 8
2 9 18
5 13 14
4 5 16
4 15 20
2 7 8
6 15 20
1 7 14
1 11 16
2 8 9
6 8 12
4 11 20
2 9 17
