100
1 10 15
4 6 19
9 10 18
3 10 17
1 18 19
1 8 19
3 7 17
5 6 12
2 15 16
6 11 14
3 5 18
2 9 10
12 15 17
1 4 20
4 6 9
4 18 19
3 12 20
5 16 20
1 13 20
3 4 13
6 8 17
4 10 16
2 14 19
2 3 7
4 8 9
3 9 16
5 14 16
5 8 17
9 14 19
1 2 4
10 16 17
2 4 11
4 8 10
9 14 18
14 17 18
12 15 20
12 17 19
2 4 15
5 13 20
2 6 19
10 13 17
1 3 9
6 15 16
8 13 17
3 11 15
1 10 16
13 18 20
2 5 18
3 8 15
1 18 20
1 12 15
1 9 17
1 11 15
2 8 17
3 18 20
6 13 15
1 13 18
2 7 8
1 12 17
4 8 19
6 7 16
4 13 19
4 10 20
16 18 20
3 11 16
8 14 18
6 18 20
5 6 12
2 7 20
13 18 19
3 4 18
10 12 13
3 8 9
12 13 20
6 15 19
3 4 19
4 14 19
2 10 17
1 5 20
3 4 9
3 4 6
11 12 17
3 11 17
2 14 15
2 7 8
2 3 16
8 13 17
2 9 18
4 14 20
9 12 20
2 8 11
7 15 19
6 11 15
3 4 9
3 5 8
8 9 13
8 13 15
4 18 20
1 5 13
3 11 19
