100
2 6 7
9 10 14
5 14 17
1 2 12
10 14 16
5 8 15
11 15 18
7 15 18
14 15 19
12 16 18
1 13 17
4 14 16
11 12 16
5 9 12
9 17 19
3 17 20
4 5 14
4 8 17
13 15 17
7 10 14
1 14 20
3 10 14
4 5 15
4 5 20
5 6 15
4 10 15
13 16 19
3 5 6
2 11 18
2 11 20
2 5 15
4 9 14
15 17 19
11 14 16
9 11 14
8 15 16
6 13 19
6 19 20
1 7 10
2 10 18
4 16 17
6 14 15
3 4 16
1 5 15
4 11 17
6 14 19
8 12 15
9 12 14
10 11 12
2 7 12
14 17 20
2 4 20
5 8 13
1 2 6
2 8 18
3 13 17
5 9 14
8 14 20
2 8 14
2 9 19
5 9 13
3 14 19
9 10 19
4 8 19
10 11 20
3 13 18
1 7 13
12 15 19
14 16 18
2 14 15
1 8 20
2 12 20
9 11 12
12 13 16
2 17 20
12 15 17
7 10 20
1 16 18
12 15 17
3 10 12
15 16 20
9 12 20
11 17 20
5 9 15
2 18 20
6 19 20
2 6 14
9 11 19
13 16 17
1 5 20
6 17 20
1 6 16
6 9 13
8 9 15
6 15 19
4 5 19
1 5 10
3 13 18
8 12 19
2 11 15
