100
1 11 17
5 9 11
9 15 16
4 15 16
4 8 17
1 6 14
2 12 14
11 17 20
3 7 19
1 5 12
9 11 14
14 15 17
16 19 20
9 17 19
7 13 17
2 12 17
8 13 14
4 18 19
4 11 15
6 10 18
5 6 12
7 9 12
3 5 19
1 4 14
6 13 15
8 17 20
2 4 18
6 12 18
3 6 10
4 10 19
5 15 20
3 6 9
18 19 20
9 11 13
14 16 19
5 10 13
3 17 20
5 15 20
8 15 18
6 10 17
2 7 20
3 11 15
3 4 17
4 9 17
2 3 20
1 10 11
7 11 12
5 6 17
11 12 18
2 8 20
13 17 18
14 16 20
1 4 7
11 18 20
16 17 19
1 17 18
11 14 18
6 8 13
4 6 18
1 7 15
1 14 15
10 12 14
1 2 8
9 14 18
1 5 11
1 13 19
4 11 17
2 6 18
2 19 20
1 6 14
6 16 18
7 13 20
1 2 4
8 11 12
15 18 19
2 4 7
1 9 14
6 16 19
2 7 17
9 13 19
10 11 16
1 8 15
6 10 17
3 4 14
10 11 17
2 5 8
1 10 12
9 11 19
12 16 20
4 5 6
3 11 16
3 7 20
9 13 15
1 15 20
3 15 18
9 16 20
9 12 16
8 10 15
4 5 18
3 7 14
