100
11 19 20
1 14 19
8 11 12
5 7 12
8 10 18
2 7 15
1 8 13
4 19 20
14 16 17
8 10 16
3 10 18
3 5 10
5 7 13
6 15 18
6 10 12
2 8 18
7 12 13
3 9 19
12 18 19
1 10 20
8 15 17
2 7 16
4 16 19
9 11 19
5 10 11
4 14 19
13 14 20
6 7 10
2 13 18
1 8 20
1 3 10
4 8 13
4 5 9
6 7 19
2 5 6
2 12 17
8 13 17
11 14 18
9 16 20
9 11 12
6 11 18
2 11 13
5 14 16
6 17 19
8 11 19
1 11 16
1 3 4
8 9 10
7 14 15
1 6 17
6 8 14
5 16 17
1 7 15
2 7 8
2 13 19
15 19 20
5 7 17
10 12 20
6 8 13
7 9 14
1 8 13
2 8 15
1 13 19
3 13 15
6 7 11
8 16 18
9 10 11
2 9 14
11 14 19
2 12 19
8 14 19
2 5 13
15 16 19
1 9 16
2 10 11
2 7 18
4 9 18
2 16 18
1 18 19
1 12 13
6 7 15
12 16 20
14 15 20
3 10 18
10 13 19
6 7 15
6 9 10
10 14 17
4 11 20
11 13 18
4 10 13
12 13 17
1 2 14
6 15 17
1 5 13
11 16 19
2 6 15
7 9 15
6 9 12
1 5 16
