100
2 5 8
13 16 17
5 11 20
12 15 17
3 4 9
8 15 18
7 13 16
1 6 18
5 12 20
4 13 17
7 9 14
2 5 7
2 9 16
9 11 12
1 8 19
5 11 20
3 7 18
3 10 20
2 10 18
4 12 16
3 12 17
8 11 12
1 8 17
5 10 17
7 9 18
1 11 12
2 7 15
2 6 8
8 12 15
4 14 20
8 15 18
10 15 18
6 8 19
6 7 9
4 7 16
10 13 20
9 11 14
8 14 16
4 14 20
1 5 18
16 19 20
1 8 13
10 17 19
5 15 20
3 7 12
4 13 19
4 12 18
2 12 14
16 18 20
5 14 20
5 19 20
6 11 18
1 2 3
11 13 14
9 13 15
6 16 17
1 10 20
2 10 18
2 7 8
8 12 17
2 11 18
4 9 17
5 13 18
6 8 10
14 18 20
2 9 18
4 17 18
8 15 20
4 8 10
7 10 15
8 12 15
9 11 17
1 4 9
4 7 19
7 9 20
9 14 19
1 8 10
13 14 16
8 13 20
2 6 9
3 11 12
4 13 20
4 19 20
1 5 14
7 12 20
1 13 20
6 12 14
2 9 19
2 7 12
3 6 7
7 8 17
2 15 17
1 7 17
6 7 14
7 8 17
1 10 16
2 4 13
4 9 16
4 7 16
1 10 20
