100
9 13 16
1 4 14
4 7 17
9 10 17
2 8 9
9 18 19
2 7 12
3 6 18
4 10 19
1 7 10
8 13 20
8 12 14
3 14 17
2 11 13
2 5 19
6 8 20
10 14 18
8 10 11
7 10 16
11 16 19
6 11 20
9 15 20
8 9 18
2 7 9
1 2 17
13 14 20
6 12 16
1 11 14
7 12 13
3 8 9
3 9 15
5 11 15
5 11 16
7 14 20
6 8 10
6 15 19
2 5 13
1 11 12
4 14 17
4 8 10
7 8 14
3 4 11
3 11 15
1 8 17
3 5 8
3 8 10
5 17 18
3 11 12
11 12 16
7 8 12
4 9 14
9 17 19
3 14 20
10 12 20
3 6 18
6 10 15
2 11 18
5 9 14
5 17 19
1 2 15
3 9 13
4 11 12
3 5 18
2 13 17
10 17 20
10 16 19
10 12 16
15 16 18
2 7 12
2 5 8
2 3 12
5 6 13
8 14 16
5 6 12
1 5 19
5 13 16
6 16 19
1 6 13
8 10 13
3 5 9
6 9 18
3 7 11
1 10 13
1 11 17
14 18 20
8 9 12
9 10 14
3 4 12
16 18 19
2 4 13
1 10 16
5 14 16
8 12 15
9 12 17
4 10 18
11 13 14
3 5 13
2 3 16
8 17 20
6 14 16
