100
7 10 14
3 4 16
3 5 8
1 4 15
4 9 16
4 12 17
6 16 19
3 11 12
6 13 17
2 6 8
1 7 14
2 4 19
5 8 14
3 10 19
4 5 12
4 14 20
14 16 19
2 14 15
3 14 15
4 19 20
3 13 16
9 10 19
7 9 18
6 15 17
1 14 15
1 7 19
3 6 13
5 8 20
3 5 14
8 10 13
2 5 11
2 18 19
6 9 17
6 15 18
3 10 13
12 13 18
9 17 19
1 4 16
2 10 16
1 11 15
7 8 11
10 12 14
2 8 17
9 11 17
2 15 17
5 12 16
4 13 15
1 3 7
2 15 16
8 10 20
6 7 15
9 18 19
2 17 19
2 4 13
4 7 14
3 17 18
14 17 18
1 14 19
5 16 18
1 7 9
1 14 16
4 17 18
7 19 20
2 9 20
9 18 19
12 15 20
4 7 8
1 4 7
2 4 9
7 12 14
6 7 20
6 13 17
9 13 16
9 13 15
7 10 17
7 11 20
1 15 18
11 12 13
4 9 16
3 6 11
5 6 15
1 12 20
5 6 19
8 10 12
3 4 18
17 18 19
2 7 8
4 12 19
3 8 14
4 13 16
7 17 18
2 16 20
3 9 10
6 10 16
2 8 20
3 8 12
2 9 14
9 14 18
1 5 18
9 10 15
