100
4 9 15
2 13 17
1 10 11
3 7 19
7 10 20
11 17 19
13 15 18
2 9 18
7 11 12
5 18 20
5 9 20
2 4 7
8 11 16
6 8 18
8 16 17
11 15 20
15 16 18
1 4 17
8 10 17
10 14 15
5 13 20
1 8 12
6 12 20
10 15 18
11 12 14
10 11 17
5 9 19
4 5 13
3 11 18
1 3 20
2 7 17
2 7 18
7 15 18
8 14 16
6 19 20
2 10 18
2 10 13
9 13 16
8 11 18
7 10 17
3 17 19
4 10 12
1 2 14
2 12 17
3 10 15
9 11 19
5 14 15
12 17 19
15 16 20
9 10 14
9 11 15
5 8 17
11 16 20
3 10 14
13 15 16
1 5 12
10 11 12
10 13 16
10 13 19
18 19 20
11 13 19
2 16 20
1 6 18
1 11 19
1 18 19
1 3 6
5 9 20
10 12 15
4 5 15
7 10 13
7 9 20
2 13 16
6 8 19
7 16 20
3 9 19
5 11 13
3 5 13
3 5 17
8 11 19
5 7 14
7 8 9
3 4 14
2 9 20
5 12 15
12 18 19
2 8 11
1 2 12
11 15 19
3 4 17
1 10 11
4 13 14
7 12 13
7 10 15
4 12 17
1 15 18
11 17 18
8 9 20
6 7 12
9 14 19
2 12 17
