100
9 13 17
14 16 18
9 10 17
3 12 16
1 2 18
2 8 10
2 12 14
2 10 20
6 13 19
8 16 17
3 15 18
6 12 18
3 9 16
3 7 10
1 2 11
4 10 11
6 7 17
8 11 20
5 8 18
13 15 18
11 15 19
4 17 20
3 8 16
1 15 16
7 9 17
7 9 12
2 13 15
1 5 10
11 16 19
1 2 7
5 7 13
2 6 12
6 7 18
4 8 16
1 7 18
6 19 20
7 11 12
9 11 17
3 12 19
11 13 18
4 11 18
2 3 15
3 7 11
2 7 12
4 6 15
5 6 10
15 16 20
8 15 19
1 2 13
1 18 19
4 10 15
2 15 17
13 15 18
10 14 17
11 18 19
1 14 18
2 14 19
1 6 20
7 9 15
5 6 15
2 3 12
8 9 16
1 3 5
14 15 16
8 17 20
1 11 16
7 14 20
12 15 16
2 3 11
1 9 17
1 10 12
4 10 15
1 9 16
12 13 17
2 6 12
4 12 16
3 9 20
2 7 9
7 12 17
2 12 13
4 15 18
5 12 18
11 14 18
5 6 7
11 14 16
13 16 17
7 11 14
7 12 15
1 2 3
6 10 13
2 16 19
4 5 10
7 13 20
5 13 15
5 12 14
6 8 11
2 13 14
6 7 20
6 14 20
9 13 17
