100
1 4 19
12 15 17
7 12 16
4 10 13
8 12 14
1 13 20
4 10 14
9 16 19
1 5 9
7 11 18
5 16 19
5 12 17
5 13 15
1 3 20
3 16 18
10 14 17
3 13 15
2 10 20
8 12 14
6 13 20
3 5 7
4 12 15
1 9 10
8 12 20
5 8 20
1 15 19
11 13 19
7 11 20
2 11 14
3 7 11
1 6 18
5 18 20
7 14 17
4 10 12
8 14 17
9 13 16
1 12 14
2 7 15
2 4 19
4 5 18
7 14 20
2 9 13
5 14 18
10 18 19
2 8 16
4 6 11
1 5 19
4 6 7
3 11 17
11 13 16
4 10 11
9 10 15
5 9 12
4 7 19
12 18 20
6 15 19
2 13 19
5 12 13
1 10 20
3 9 10
3 9 20
1 10 13
4 10 11
11 18 19
2 7 13
1 5 6
1 8 14
9 12 18
1 18 19
4 5 7
3 8 19
1 11 18
4 8 20
7 9 15
10 14 20
8 13 15
1 18 19
10 13 19
15 19 20
9 11 15
5 8 11
2 7 15
1 8 17
9 12 13
2 7 15
8 11 17
1 7 10
2 5 14
7 10 14
1 13 19
7 8 19
15 17 20
5 12 16
10 16 18
1 6 7
3 5 7
5 9 16
7 14 19
2 15 19
8 10 11
