100
2 4 9
2 6 11
1 2 15
10 11 15
5 7 9
10 11 13
2 11 19
2 11 15
7 17 20
4 10 16
13 19 20
2 8 13
3 8 13
2 5 18
2 13 16
5 8 13
1 8 20
4 11 13
1 4 18
5 17 20
9 11 15
5 9 10
6 14 16
5 12 20
8 9 18
7 18 19
3 7 19
1 12 20
3 4 13
1 14 18
10 14 16
1 2 14
2 8 9
5 6 15
7 12 20
1 2 6
8 13 16
14 16 20
5 9 14
5 8 15
7 18 20
3 13 19
3 8 13
9 12 17
7 9 20
2 8 14
4 9 18
3 17 19
3 7 11
9 10 20
5 6 20
4 7 17
2 16 17
1 4 6
4 12 13
9 15 19
14 15 16
2 6 8
7 8 19
3 11 19
4 7 13
2 9 18
11 14 20
1 2 10
2 10 19
2 10 20
6 7 8
4 15 18
4 11 12
5 9 15
13 15 19
9 11 20
6 7 12
7 8 14
10 11 17
6 7 18
9 13 20
4 10 20
11 12 19
8 11 15
14 15 16
2 9 16
3 12 18
4 7 11
3 12 14
4 12 20
3 13 18
11 12 17
1 11 14
8 9 14
1 5 12
1 7 13
1 9 14
3 5 12
7 16 17
9 11 12
5 14 17
2 3 18
7 14 18
1 4 10
