100
3 6 18
7 15 18
6 12 17
4 11 13
14 17 19
7 8 14
1 4 20
1 9 15
15 18 20
2 5 13
5 15 18
4 12 13
1 17 19
4 10 19
2 8 13
4 11 18
1 8 18
3 18 20
5 6 18
5 15 19
4 9 14
8 9 16
18 19 20
6 10 20
2 3 18
12 15 17
11 16 20
17 19 20
1 5 8
7 10 12
1 10 13
11 12 17
1 15 19
4 16 18
4 14 17
6 7 15
10 13 15
4 9 12
1 7 13
13 16 18
3 6 11
8 17 19
2 8 15
14 19 20
2 3 4
2 11 18
9 11 16
5 10 19
2 9 18
12 13 14
2 18 20
2 6 14
4 12 18
6 8 20
6 7 8
12 16 19
2 10 17
8 13 17
1 15 16
8 15 19
3 8 9
2 5 15
3 4 17
3 12 17
1 6 8
2 3 5
3 4 20
9 14 17
2 6 9
2 3 6
1 5 20
11 15 17
1 3 12
9 10 13
13 16 17
1 12 17
7 9 17
6 10 16
1 9 13
2 5 19
3 6 13
1 11 20
2 8 14
4 5 11
10 13 17
5 6 20
8 15 17
5 9 10
5 6 17
12 14 18
2 11 14
10 12 13
1 9 20
3 6 8
2 5 13
5 12 20
1 3 4
2 12 17
9 14 18
6 9 14
