100
5 12 20
4 8 19
2 7 12
2 7 12
4 19 20
1 8 14
6 9 17
6 7 10
9 13 19
6 7 8
8 15 20
2 9 11
7 14 20
2 12 14
5 7 20
9 15 18
6 14 20
5 14 17
1 8 15
15 16 20
12 14 19
7 11 17
9 13 17
10 16 18
10 11 13
13 18 20
7 9 19
10 13 20
3 6 13
4 14 20
2 6 17
6 13 14
10 16 17
2 16 17
4 7 9
5 8 13
4 11 18
10 15 19
1 8 15
9 14 15
1 16 20
1 17 20
5 8 12
10 13 20
12 16 17
3 5 13
13 14 18
2 7 19
4 9 14
12 18 20
10 12 14
12 16 18
5 10 14
7 14 19
2 4 11
7 9 15
6 17 20
7 10 13
14 18 20
12 17 18
3 4 14
7 10 18
6 9 14
6 13 14
2 19 20
3 7 18
1 8 18
14 17 19
7 12 13
2 9 20
7 8 15
12 15 18
4 5 19
3 11 18
4 9 12
4 8 20
2 12 16
3 5 12
10 18 20
2 5 10
1 11 14
7 9 14
1 5 10
2 11 19
5 11 17
2 3 10
4 9 19
1 12 16
5 6 16
4 6 10
6 7 20
2 10 18
2 10 13
10 16 18
2 4 18
7 10 15
6 16 19
7 9 18
12 13 19
7 8 9
