100
4 12 13
11 12 18
10 12 20
3 5 15
4 17 20
6 10 12
7 10 11
4 5 11
2 14 16
3 6 14
13 16 17
7 13 19
8 14 17
8 13 15
1 2 17
5 6 18
1 6 8
1 13 14
2 8 19
5 15 19
11 12 20
2 3 16
6 9 16
2 10 15
2 4 11
12 14 16
6 13 19
15 16 17
2 7 19
1 18 20
2 12 14
7 8 19
3 6 11
3 14 16
4 10 18
5 6 16
1 2 18
4 7 20
2 4 8
6 14 17
2 6 16
9 16 17
12 16 20
1 12 13
1 12 13
3 5 17
1 14 19
8 13 19
4 12 13
1 8 10
10 12 17
7 12 16
1 19 20
1 8 19
1 9 17
7 9 20
3 4 12
10 14 15
10 18 20
1 5 13
3 9 12
4 6 18
3 5 7
6 11 14
3 5 7
8 18 20
11 12 20
1 13 19
5 9 18
4 8 17
1 11 16
3 9 20
2 6 9
4 6 19
1 6 20
2 5 15
9 14 15
16 18 20
2 4 19
4 8 9
6 11 20
4 6 7
3 5 11
2 3 8
6 7 17
8 9 17
10 16 17
11 12 20
3 5 8
4 5 12
6 11 20
7 11 13
13 18 20
4 14 19
4 10 20
10 14 20
3 15 16
16 19 20
8 12 15
7 13 20
